1308 2185 2857 
27 1139 2678 
13 12 8 
1404 867 1619 
2425 83 74 
129 138 144 
2 13 12 
1154 2 5 
9 13 2 
8 2 10 
13 2 8 
540 525 2 
2 13 376 
2 8 10 
2738 294 2997 
1139 728 2543 
1211 1721 63 
166 1424 2567 
1787 766 1830 
1939 2118 2 
1242 1094 1967 
24 449 2 
1165 2579 893 
1187 956 155 
21 449 202 
2081 1899 1319 
2123 2226 2088 
1795 1139 2678 
155 2714 2718 
2045 2029 2022 
109 138 144 
155 2714 120 
2577 612 2841 
545 2159 2526 
2627 254 2531 
2958 2702 2328 
1376 1238 1228 
1795 1769 1854 
1068 304 1651 
2863 102 906 
2587 1545 60 
770 430 2 
1205 2512 2500 
45 2959 1325 
2690 1643 1202 
51 1734 801 
61 2552 965 
2793 2859 2798 
1963 2984 1935 
1110 1325 1647 
2474 2588 1745 
45 1553 244 
887 1011 1681 
2337 366 254 
1002 2997 1102 
895 931 1064 
150 1350 42 
2995 1643 589 
1699 718 2502 
1904 2578 2386 
2656 2622 40 
46 2552 2419 
63 1721 1211 
62 1165 1211 
1030 1700 53 
2495 1068 2137 
456 51 1498 
1015 2678 2543 
154 2043 2858 
71 72 73 
84 483 215 
69 72 73 
71 69 73 
71 72 69 
143 134 94 
1560 1578 1538 
77 2206 2172 
76 2206 2172 
96 86 157 
91 951 2981 
880 874 2723 
1145 876 1119 
1754 2823 1314 
2425 430 1974 
70 1455 854 
2416 2125 206 
2320 1409 78 
1273 1069 1117 
677 2692 685 
387 408 2029 
2129 1381 2332 
951 2981 1756 
1903 372 1885 
2799 2801 2571 
143 147 134 
2508 764 133 
1476 399 1388 
99 1767 948 
1854 1165 2550 
97 1767 956 
1448 2376 1840 
2897 2893 1696 
2863 906 916 
116 2996 209 
411 857 143 
757 249 2281 
838 2222 1158 
1904 116 1655 
2419 2394 2552 
138 144 30 
2045 436 408 
1055 1027 95 
165 428 1824 
403 1880 603 
130 1302 1057 
1833 136 2464 
2996 1655 103 
1728 2067 1714 
1741 1710 2248 
120 121 1203 
119 121 1203 
119 120 1203 
2029 2793 2859 
1356 2570 893 
709 2838 1500 
1893 126 218 
149 1267 809 
429 130 153 
147 143 134 
5 147 131 
127 140 429 
147 134 144 
2663 2768 315 
764 515 95 
147 131 143 
144 138 137 
2248 2448 115 
138 130 144 
144 109 147 
300 241 880 
130 429 127 
281 1979 236 
701 1939 2 
147 134 94 
138 147 109 
2210 2524 250 
621 1239 511 
134 131 144 
1085 692 332 
126 1149 862 
56 2740 2146 
2325 1813 477 
933 774 1738 
429 127 140 
2858 2043 1731 
2714 28 2718 
2215 937 2122 
155 2714 28 
1065 1157 1057 
1967 2975 2648 
625 552 2819 
2298 2986 2045 
1137 2427 1206 
1396 2742 96 
2629 2147 2491 
574 516 520 
17 2707 2591 
348 253 2101 
2161 2516 1017 
1672 2375 1495 
940 944 2872 
1229 360 1274 
1369 1193 1346 
496 836 2819 
2823 219 2259 
197 263 245 
1375 2745 971 
449 21 1624 
465 1002 993 
132 382 2029 
1504 1696 1927 
423 440 410 
133 764 95 
1732 2495 1068 
2621 437 567 
1271 638 2907 
193 1293 2572 
1175 2288 2484 
2943 2956 2906 
431 375 1091 
212 2689 2750 
2406 1187 1506 
1903 92 2133 
186 2572 1293 
2769 1627 2067 
202 857 411 
2258 718 1083 
263 245 225 
2463 2458 172 
2939 1545 2307 
308 1086 2541 
510 677 2859 
195 857 430 
681 2266 2147 
1867 1660 2815 
1187 1818 2298 
252 989 2416 
2927 898 2920 
496 2819 1138 
116 2996 103 
860 419 1789 
2758 2892 812 
190 2689 2750 
419 222 546 
2641 1368 1714 
1983 2413 1376 
2471 1379 2173 
2345 1843 2639 
485 415 454 
767 772 773 
543 514 528 
770 1486 1358 
273 2 1939 
821 819 2247 
846 1374 1544 
263 245 270 
395 2263 1712 
2742 1866 163 
1144 1008 1021 
2758 211 2892 
2482 338 1458 
2454 2259 1947 
95 133 764 
234 376 2876 
376 353 233 
513 335 1766 
2066 2 1939 
2298 161 1004 
105 249 757 
798 1799 28 
255 2338 1197 
662 2339 2344 
807 2892 2758 
246 1756 386 
1553 1522 1164 
263 225 197 
1756 91 2981 
1467 1582 720 
249 757 2090 
757 248 105 
145 96 2524 
983 2220 1020 
1586 720 206 
384 744 472 
34 2627 366 
240 2338 1197 
358 1413 1757 
362 516 520 
1080 1152 1083 
1972 2798 1711 
261 266 2182 
260 1740 1859 
2431 2271 468 
245 225 197 
290 878 1223 
287 1102 808 
1407 378 261 
1901 1902 1280 
225 559 521 
282 1036 2157 
225 263 245 
2598 647 2738 
342 2310 1300 
543 528 220 
1317 223 1715 
1470 2580 1181 
1058 1647 519 
2885 1508 893 
912 1395 837 
577 862 1353 
301 316 311 
1887 1685 1355 
269 1036 2596 
1822 1404 2845 
561 392 2167 
2066 1872 1365 
2509 2505 2636 
265 1102 808 
320 519 1181 
309 323 2604 
878 264 1223 
1332 1404 673 
2369 912 1318 
447 2131 45 
2997 2738 14 
1762 1751 347 
410 427 440 
800 1095 1760 
1184 1199 1753 
2888 271 1284 
2892 2758 229 
316 311 280 
2973 2898 2640 
309 323 349 
1077 1955 2014 
1961 1955 2014 
1564 950 1272 
337 356 312 
200 2582 1100 
289 323 2682 
1215 2380 2329 
316 301 280 
307 789 1904 
2101 253 428 
343 2495 1888 
480 2663 2768 
311 301 280 
1948 1907 850 
1404 566 673 
1959 1473 1187 
288 577 1181 
2144 1121 333 
549 628 139 
289 309 349 
351 427 410 
2762 1207 1665 
2742 2094 900 
355 389 1919 
2954 1132 378 
500 330 582 
582 500 597 
2040 2284 1887 
1085 2597 2481 
2258 2149 2098 
2042 55 1071 
235 2213 1766 
2874 731 2140 
356 307 1144 
230 2482 773 
1638 1557 1603 
2930 2934 1609 
1069 1637 300 
272 1451 2310 
2861 2835 2857 
566 2204 318 
1923 566 2411 
1127 1016 853 
1299 295 1751 
428 611 2101 
2321 2316 2339 
1915 1749 1943 
324 427 410 
1085 783 1084 
234 695 2425 
2758 2878 2879 
1554 327 1231 
337 307 1144 
1123 2195 2139 
256 972 1775 
371 1352 2723 
1229 1274 732 
1972 2738 2424 
500 597 582 
2040 331 2284 
2033 1637 1407 
227 2496 2621 
1332 2654 2627 
461 457 460 
2173 499 2389 
1727 2838 1779 
266 667 2495 
359 1352 2742 
379 92 1885 
1869 1894 2383 
2489 617 1768 
431 859 1091 
695 2 234 
1967 1076 378 
1116 2954 787 
372 634 2871 
2076 626 45 
926 408 161 
436 2019 412 
2981 951 91 
744 253 472 
2890 833 1951 
243 2890 2860 
89 2090 1704 
66 2526 51 
327 929 2476 
1073 1685 1887 
2396 777 72 
431 375 189 
382 412 950 
2330 2682 496 
226 1883 1633 
2934 2930 2936 
864 650 544 
2002 2045 2986 
96 1378 989 
1923 620 809 
848 2945 327 
477 2921 273 
113 1880 421 
484 950 2029 
1355 2050 479 
410 440 423 
2951 2418 2304 
2029 89 2986 
2810 2807 803 
427 440 423 
857 143 128 
382 105 2281 
555 460 457 
415 485 218 
218 485 414 
422 2678 1991 
2871 1667 2921 
1818 2298 408 
860 770 2978 
2733 1820 1770 
403 113 2818 
2860 416 2890 
440 410 427 
811 1533 2096 
286 2863 2612 
467 466 2485 
410 440 423 
2101 590 574 
127 153 140 
83 695 1974 
375 189 1091 
927 482 776 
1133 634 813 
35 902 2606 
543 528 514 
382 950 757 
2621 1355 405 
2029 2806 2074 
2028 2154 2102 
423 410 427 
123 894 1030 
1063 1236 2744 
2263 226 1187 
1231 1023 1682 
315 610 763 
2554 2555 2851 
1361 2131 51 
2554 2553 2555 
177 21 24 
2981 1756 951 
860 2 1974 
698 146 854 
940 170 944 
861 429 712 
733 2548 879 
66 51 676 
461 460 555 
432 927 482 
2170 814 1043 
457 461 413 
457 460 367 
2874 1328 2631 
1385 704 2811 
2749 1215 2151 
216 808 178 
467 558 2673 
466 609 558 
2550 2431 2271 
1104 783 1084 
2755 2212 1480 
479 473 1647 
744 384 253 
479 471 2621 
1715 1665 1187 
763 1811 2551 
1947 821 819 
454 2921 1667 
1342 1413 2303 
471 473 1355 
315 445 610 
2380 883 498 
1239 432 927 
1367 70 1400 
404 2029 1971 
218 415 454 
521 570 568 
499 368 2389 
1545 2342 1540 
1638 1603 1557 
879 1327 251 
740 1086 1224 
505 923 958 
2591 2041 2707 
1079 1645 2076 
1297 366 2031 
2819 208 173 
2717 1194 1921 
1835 1123 1409 
487 368 2389 
582 521 559 
500 582 521 
521 572 539 
596 589 1906 
508 575 521 
492 923 958 
1628 511 2220 
831 973 878 
504 575 521 
1377 2884 43 
2987 1108 2029 
663 1239 2868 
2818 1984 1055 
235 335 1766 
528 543 220 
764 133 1417 
520 521 570 
1532 1046 523 
523 1358 948 
536 2573 1688 
516 521 570 
520 570 568 
521 570 568 
948 805 554 
1364 848 725 
540 11 1974 
2493 2490 1435 
1412 1832 1847 
543 514 220 
2114 953 523 
1704 1527 1446 
528 543 514 
1346 2621 1582 
680 442 1153 
523 535 1945 
523 534 69 
519 2573 1688 
659 1050 771 
546 2 430 
548 521 572 
525 11 2 
1311 1740 1771 
1417 2508 95 
528 220 514 
650 864 821 
33 2159 2526 
1974 1053 608 
1498 2682 380 
539 521 570 
2892 242 2758 
841 551 2685 
841 550 2685 
30 160 860 
2921 2288 2484 
562 523 558 
413 457 460 
2094 1251 1118 
1382 982 1139 
554 466 467 
570 572 521 
2614 2681 1398 
284 2773 2531 
554 2860 1437 
543 528 531 
521 568 570 
767 773 416 
344 673 318 
1049 2950 619 
521 570 564 
1109 1953 1073 
521 559 568 
582 588 572 
559 570 521 
572 588 570 
590 588 572 
592 588 572 
1807 622 2328 
320 279 2295 
763 1761 413 
573 572 588 
588 572 574 
595 582 572 
572 500 521 
2369 634 644 
2495 1392 1187 
592 618 572 
572 592 1732 
590 574 611 
572 592 574 
596 503 1906 
574 587 611 
582 581 595 
575 618 588 
592 588 572 
574 598 590 
581 582 572 
589 503 1906 
559 500 582 
575 594 592 
418 2793 2859 
572 588 592 
582 595 581 
143 766 2425 
2489 546 113 
2215 156 2122 
1360 1943 981 
1378 641 556 
1249 1721 1211 
725 546 2489 
1756 467 2981 
763 445 1761 
574 588 572 
2233 32 1912 
2328 622 1911 
1904 2295 937 
152 1846 1317 
290 878 1716 
1067 1859 1771 
592 585 593 
1049 1995 1072 
73 619 814 
634 655 644 
2303 2328 2611 
1160 1416 2550 
2167 2799 2801 
160 659 273 
1641 380 2709 
1002 2997 660 
322 1069 1631 
634 749 630 
634 629 749 
2621 2496 437 
641 2720 551 
1477 2910 1916 
629 749 630 
408 2038 1818 
1121 854 1344 
1841 2425 74 
2192 986 2603 
1207 2585 2762 
834 939 1927 
2720 606 96 
2986 2029 408 
1015 2543 1139 
621 655 630 
290 878 674 
678 2719 1036 
777 2396 2495 
1273 2021 2874 
1104 169 497 
819 864 821 
640 1927 1967 
2040 1583 2284 
115 2191 2228 
2943 2956 1136 
634 629 621 
660 676 2173 
2615 1850 2758 
682 897 910 
672 669 554 
656 676 2770 
543 220 528 
242 2758 812 
511 1239 2868 
1329 705 1482 
1978 2693 2504 
608 538 546 
1835 1409 2679 
671 673 1207 
672 659 2859 
2698 929 2725 
668 673 303 
659 669 2859 
668 566 671 
751 2863 1102 
95 764 133 
656 660 289 
2127 201 1330 
646 2719 2158 
574 572 582 
1681 1340 533 
2266 1940 2147 
658 897 910 
574 611 588 
719 2048 756 
691 2022 1989 
927 432 776 
219 758 772 
690 2678 1336 
285 2066 1365 
688 2655 864 
2086 2077 2064 
865 1324 1802 
714 699 1993 
760 753 750 
376 430 1041 
966 1219 973 
950 2281 2119 
776 206 2225 
1989 693 2635 
2751 2070 1979 
1342 142 2198 
829 2097 2238 
2029 2986 950 
1311 1335 1353 
1058 285 664 
2803 1283 898 
2806 2677 2413 
711 1096 2635 
124 227 2838 
1272 1175 517 
1559 408 708 
429 454 127 
2425 83 202 
2635 2061 1993 
2810 2807 1280 
787 2679 2644 
2365 2405 798 
2502 2611 1699 
382 2009 2029 
252 911 1746 
2182 737 1131 
2691 1136 2534 
760 736 758 
2207 1429 2731 
608 2081 848 
749 813 634 
510 2987 2673 
1139 2678 2543 
2315 2740 789 
2555 2554 2155 
336 2874 1273 
1229 360 1274 
455 1671 2646 
2809 685 2673 
753 219 773 
767 760 773 
1658 2182 2556 
1229 1274 360 
773 794 219 
491 1224 2642 
1049 619 620 
1219 696 966 
755 753 760 
384 472 253 
2495 541 2783 
34 1069 872 
1329 1482 2840 
2159 2738 2142 
813 629 634 
767 760 773 
674 1069 1637 
760 773 767 
760 743 767 
1136 2282 459 
743 760 753 
2035 2986 2806 
249 785 2364 
767 773 772 
2671 1794 2237 
767 773 779 
696 966 1618 
2002 1479 2012 
2436 460 1806 
515 133 95 
2029 2986 2019 
2086 1787 18 
773 760 779 
788 779 773 
743 753 760 
1358 1768 221 
780 775 1203 
773 779 767 
781 779 767 
1994 152 2723 
771 119 121 
927 432 482 
2396 71 72 
2280 2004 809 
781 773 767 
1203 771 136 
779 773 767 
772 760 767 
1084 1095 1089 
771 105 685 
757 2364 2452 
767 773 794 
378 2954 716 
773 779 781 
760 752 694 
685 1989 693 
792 2552 2419 
2552 2419 108 
2230 2822 2821 
773 779 767 
1012 1251 1900 
1127 1607 212 
2 12 376 
1799 2365 2405 
1428 490 1488 
297 2988 1760 
901 1553 45 
1957 950 2986 
1187 2302 2263 
805 1832 1542 
804 948 523 
805 953 784 
242 2892 2758 
1102 1200 1202 
2280 126 778 
514 220 528 
851 805 1125 
1329 2758 2892 
749 726 1133 
619 2846 459 
996 891 2981 
1989 685 2951 
705 1365 285 
2815 1970 1867 
821 650 864 
35 1920 2576 
819 650 864 
1413 1618 1260 
683 1047 1630 
2381 2342 1988 
718 2502 1693 
982 1382 2008 
828 1819 2193 
833 2860 2890 
2362 2097 2242 
2651 759 1844 
696 966 1219 
828 2710 2652 
828 2890 1374 
939 1927 640 
1070 1926 437 
2623 1103 2831 
912 1169 841 
106 1247 1454 
2891 2294 1818 
2317 2265 1862 
550 551 2685 
2509 2505 2636 
950 2038 2986 
779 1452 1525 
1283 2889 2695 
224 1374 1544 
806 805 105 
1364 524 725 
941 1124 2207 
1135 1907 1534 
811 1125 1065 
1378 1251 933 
1592 1016 698 
1344 954 1341 
743 779 736 
1715 2341 2564 
411 195 147 
2341 1163 1413 
375 1746 431 
1974 2 13 
454 712 429 
1311 1149 2383 
1968 1213 280 
650 821 819 
1324 2609 1708 
488 869 1702 
985 1617 1817 
1346 1369 2781 
1280 1919 2307 
1349 2918 2924 
1284 2211 2257 
2992 253 384 
2689 2747 2750 
880 80 2283 
2020 219 2483 
1145 81 1119 
1277 1651 447 
290 1223 211 
2548 2931 2120 
874 80 865 
1641 2709 471 
2375 1954 1593 
2338 1692 2614 
1139 2678 2543 
1968 1503 2791 
2999 1431 1572 
52 1011 1398 
798 2372 1799 
1027 907 536 
858 2191 841 
2130 2323 2071 
1260 1281 1279 
1357 2550 2813 
893 2410 2550 
931 55 507 
1187 2859 2793 
910 658 682 
1211 2803 2436 
1351 971 1822 
1097 1088 1035 
801 1553 45 
2481 2606 1106 
1968 280 301 
888 1803 1005 
1915 1943 350 
938 2863 102 
1027 889 2997 
918 1431 408 
1789 1076 2983 
897 943 682 
989 513 235 
837 459 1395 
399 776 933 
405 2621 835 
1711 2263 916 
102 1405 2168 
966 696 1219 
908 1431 2979 
638 2725 2171 
727 498 1621 
1412 1840 1832 
924 1758 2640 
492 505 958 
1758 922 2640 
2467 2455 1311 
381 408 711 
432 776 1467 
2734 1126 2303 
2686 1732 2885 
934 2970 2982 
895 55 847 
2398 1102 1202 
1746 1251 989 
930 1533 2027 
1628 1274 1611 
1661 952 1468 
156 2215 2190 
906 242 211 
834 640 1927 
170 944 453 
849 1124 2574 
2496 2882 1609 
910 897 305 
940 170 453 
2970 2558 1535 
2572 1706 2867 
1135 850 975 
2970 805 930 
694 750 948 
953 436 2986 
91 2981 1756 
934 1157 2027 
950 2114 948 
854 948 1344 
2970 930 1521 
1767 944 99 
2889 507 1921 
492 923 505 
650 864 1139 
2743 1069 1637 
2373 1958 1196 
1340 2831 1960 
1597 2456 2340 
448 340 878 
1546 46 1064 
696 1219 973 
145 2066 2524 
1538 677 30 
2920 1730 2927 
1314 26 155 
899 176 1375 
2129 2868 1312 
696 966 1219 
987 1102 1086 
2572 2895 1706 
989 2225 235 
1050 1006 1247 
2614 2338 2681 
1946 2963 2076 
1301 1762 1143 
399 989 513 
1382 826 2008 
251 1204 2196 
1034 2387 1549 
867 1617 1817 
638 2603 2612 
974 2703 803 
428 253 2101 
911 513 235 
973 1260 892 
1915 1943 459 
1859 1883 1421 
2553 465 178 
966 696 842 
301 280 1024 
815 1811 1993 
1360 1943 1952 
2088 2191 2354 
1972 2829 1941 
2828 1514 2837 
880 874 295 
54 2997 2462 
876 1284 2740 
1565 237 2298 
1311 541 862 
1009 1028 1010 
2865 1102 2942 
1006 1144 1021 
1006 1028 1010 
1027 1006 1013 
887 52 1752 
1251 1378 989 
1010 1006 1027 
1037 1015 1437 
2543 1139 1014 
1592 2157 853 
2161 647 2306 
696 1219 966 
2700 2062 1150 
1652 1976 2220 
1006 1008 1144 
2072 1830 2460 
1682 117 1231 
280 301 995 
95 133 764 
599 838 1401 
1010 889 1006 
1006 1009 1010 
933 1251 913 
64 262 301 
1187 1369 2335 
2346 989 252 
2586 2729 2140 
984 2387 1549 
1088 1052 900 
2596 2904 2964 
1014 1006 1144 
81 1145 2294 
1845 1922 1857 
1531 2620 2808 
695 2 376 
1556 1291 2480 
459 814 1896 
1446 1819 1752 
2020 2498 1414 
517 1532 1166 
2101 590 683 
1366 1376 1373 
619 2517 567 
977 1243 537 
1067 617 1053 
1035 1088 1097 
546 1789 1974 
1859 1383 1771 
111 2818 1027 
1118 511 1133 
1065 1125 2860 
1887 705 1365 
335 2112 2409 
2770 2901 2725 
380 547 1498 
359 903 1968 
442 1734 2959 
1347 2932 1603 
1125 1057 1157 
2997 294 2829 
1051 617 2489 
2495 2164 2160 
1637 1482 2719 
835 437 1428 
39 1120 2582 
1117 619 73 
1128 1058 188 
2792 2574 2301 
1084 1599 1080 
377 2862 2043 
1119 2014 1955 
1570 2621 2770 
1603 1638 1557 
1084 1152 1089 
1530 1787 2037 
1089 1080 1084 
258 1080 620 
1080 1152 1089 
1106 1223 1220 
1324 1347 1106 
2521 2588 2519 
1097 1035 1052 
1095 1080 1082 
1095 297 800 
375 431 1586 
1093 2560 1730 
1092 1925 1913 
1242 20 1967 
1089 297 1090 
1099 1101 1269 
1088 900 1035 
1234 1210 1099 
1096 1098 1101 
1112 1224 1106 
1096 1099 1234 
1202 1200 1483 
836 1974 695 
469 1084 1075 
1492 1400 2647 
1112 1085 1100 
2889 1242 20 
1159 2029 2318 
569 1953 373 
49 2040 278 
2204 1755 1621 
1224 1100 1106 
2816 1124 621 
1719 1814 1303 
2363 2081 992 
378 1132 2129 
1072 619 73 
629 1133 1251 
1077 81 1145 
1933 2394 2419 
2144 636 1821 
566 2621 1779 
357 2207 724 
849 2117 1774 
1065 1057 1157 
2563 2562 2474 
1592 1016 346 
1887 1181 1073 
1481 2604 2025 
2890 2032 466 
721 2182 737 
328 1116 2954 
813 629 1118 
1146 2663 2953 
850 1907 1214 
722 2691 654 
1149 1975 162 
2823 997 219 
2678 2543 728 
122 2859 2793 
2299 1799 1268 
1233 842 1773 
1678 2232 1530 
1006 1008 1021 
81 876 1119 
1134 2919 2896 
2798 566 2862 
1994 2679 163 
1137 1975 862 
698 2700 2157 
770 1358 860 
1080 1084 1082 
1424 2901 2604 
7 1203 119 
710 1175 2363 
2306 647 2997 
2027 1533 2558 
2222 416 844 
1108 2029 2323 
1622 1591 1454 
1000 242 2892 
2555 2554 1873 
1413 1241 858 
1293 186 2853 
63 22 1982 
1535 2982 2027 
448 964 878 
1655 2346 116 
1919 2307 1988 
2431 1162 2145 
893 1421 1160 
696 1219 1178 
2936 2330 831 
1182 1195 1183 
187 2484 2983 
2917 694 2787 
438 1187 1689 
1172 1260 892 
798 2365 1799 
1226 1176 694 
1990 320 288 
1183 1195 1174 
1182 1195 1189 
1199 298 2963 
2044 2967 1977 
1195 1189 1182 
1343 2859 2793 
1195 1182 1186 
1195 1182 1183 
448 1865 2811 
1530 2235 2110 
1195 1182 1183 
1186 1369 1189 
834 939 640 
1182 1192 1183 
2887 2373 961 
255 2338 240 
2576 2597 958 
1184 298 1568 
1102 1202 808 
2481 1940 2147 
1102 1200 1483 
780 119 771 
2196 1764 983 
2500 2301 2512 
162 1137 1466 
2762 2763 668 
673 566 1404 
1762 980 295 
1234 1098 1096 
1721 16 2798 
2552 2419 2394 
1254 1702 863 
1907 1135 850 
464 2749 310 
864 557 821 
2047 1915 350 
1883 2283 1633 
696 966 1172 
1085 865 1324 
555 460 2736 
1013 519 1010 
1085 865 2609 
1112 1100 740 
1315 2820 1534 
1180 1176 2917 
1257 1897 2240 
1238 1366 1376 
360 1274 732 
132 1693 2547 
1682 1797 2979 
1829 2677 2428 
1142 1773 1861 
1210 1098 1101 
2521 1735 2474 
2742 2169 442 
366 1162 2255 
1366 1228 1376 
482 663 511 
1539 242 2892 
1413 1757 1163 
20 1094 1967 
1247 1050 734 
1767 844 1509 
499 1271 2320 
1966 2269 413 
1243 977 1050 
219 767 772 
1271 1721 1211 
1430 2290 785 
335 1766 513 
1902 1901 267 
2372 821 819 
1213 188 1128 
2590 1710 2056 
1366 1376 1373 
1227 2808 1268 
519 2040 1271 
1281 1260 1279 
892 1281 1264 
1266 1265 1101 
2186 1514 1068 
2288 553 2921 
1279 1260 1281 
1266 1269 1354 
1265 1269 1354 
126 809 2280 
2097 2730 2764 
1265 1266 1474 
1187 1356 370 
2340 1258 185 
710 1125 1065 
648 731 2021 
1229 360 1611 
1277 1294 1306 
1335 1326 1353 
1294 1275 1306 
1097 900 1088 
1264 1281 1260 
869 2427 1919 
1279 1260 1264 
1392 2495 1372 
845 2695 1114 
1003 285 1400 
2486 1254 278 
45 51 447 
2863 39 2911 
1816 1212 112 
997 1657 63 
1682 1627 117 
1042 1556 2480 
2855 2856 2706 
186 193 1164 
1306 1277 1275 
1296 1249 1211 
1295 2626 2401 
603 226 1187 
2168 2864 526 
347 1301 2321 
1805 1725 2310 
980 1299 1762 
1310 1305 1321 
1114 1450 1900 
930 934 1533 
1302 1538 1560 
1294 2901 2725 
1269 1474 1302 
0 2185 2857 
1321 1157 934 
1302 2987 1579 
541 1740 862 
2760 2668 972 
1317 2500 1798 
970 152 82 
2557 2820 1099 
690 864 2655 
1649 1775 1773 
821 1947 819 
2925 1448 821 
2749 2445 1883 
1331 1309 934 
883 1197 1692 
500 582 2716 
865 2279 2609 
43 647 1156 
1276 1335 1869 
2547 879 2931 
462 2496 2621 
812 242 1482 
1010 677 1269 
1321 934 1309 
1802 1324 366 
2457 2349 2121 
2351 2423 2294 
1353 1276 1326 
1353 1149 1335 
1320 2749 1902 
2241 2381 2391 
1496 2624 2105 
1681 1460 680 
1344 1302 1321 
2198 2303 478 
1187 1704 2859 
1341 854 954 
1010 1341 1006 
2781 1891 868 
1086 1220 1223 
1219 2932 696 
870 2464 2918 
1774 2500 2301 
899 2107 2101 
2959 359 371 
1335 1311 1276 
1266 1265 1269 
405 479 437 
2570 2366 2431 
2942 893 1725 
770 1974 546 
2767 2756 1763 
1943 1952 997 
447 51 2131 
1399 1384 1365 
645 1432 1357 
848 524 1431 
1399 1367 1362 
1376 1238 1373 
1399 1366 1365 
1714 214 2641 
1193 1189 868 
1577 2495 2783 
1399 1384 1365 
1369 1396 1392 
1376 1366 1048 
833 224 1544 
1376 1366 1373 
1366 1373 1238 
509 2884 554 
399 1251 1012 
216 638 2173 
1381 2687 893 
1380 2687 2874 
1139 982 2678 
1771 1859 2594 
1399 1389 1238 
463 1300 704 
1639 2144 2848 
2867 2345 2895 
1396 1476 96 
1384 1399 1366 
1967 1542 2771 
1415 488 1392 
1369 1282 1415 
2186 1369 1392 
2445 1633 2283 
1401 1400 1389 
163 1388 2742 
403 1600 1581 
2011 1513 1705 
1384 1400 1367 
1399 1395 1367 
1395 1389 1384 
1761 1450 1849 
2905 2885 2173 
318 867 673 
916 1720 2631 
1411 1463 1286 
2889 266 1550 
1803 819 821 
1835 2165 2276 
1369 1392 1415 
1463 1406 1286 
1847 921 1832 
1241 822 1618 
2232 1692 1187 
1176 2917 694 
1160 1622 1591 
1633 1883 515 
1461 1458 172 
1160 1622 1591 
2588 2661 2414 
1520 1171 1835 
1621 2017 1722 
2103 2645 2069 
1153 1306 2725 
1452 1068 1436 
1439 720 911 
2137 2307 1655 
799 1355 437 
724 2207 1831 
1923 1250 785 
1627 2769 1728 
1363 645 1291 
531 810 514 
1438 804 1832 
2493 2490 526 
768 1452 2724 
1438 2032 1015 
1437 1443 1442 
1426 1738 2904 
2837 1514 1000 
435 514 543 
2128 1438 934 
1438 525 1974 
2699 2864 2528 
2973 2640 1213 
1044 1527 1704 
806 1068 2759 
2376 1542 1832 
2043 2706 2858 
1402 1761 1810 
342 2955 2832 
844 1425 2089 
1229 732 360 
1591 1622 1160 
2836 2794 2550 
1102 1202 2398 
1468 1634 1972 
1461 1369 1418 
2922 2934 2936 
1340 1681 878 
1458 1418 1369 
1204 2196 1920 
1411 1406 1577 
1413 1470 2580 
1807 1877 267 
2578 1655 1545 
247 1582 1133 
1457 1972 936 
2585 639 2031 
2580 275 1637 
897 910 658 
1533 2027 1157 
1454 1622 1160 
1269 1265 1266 
2879 2878 623 
96 1388 1352 
145 633 2524 
660 656 676 
2002 2012 2965 
470 2755 1187 
1129 2563 2562 
2719 807 242 
1102 1202 2398 
2380 1791 2824 
1494 1043 459 
221 770 1768 
2729 1306 929 
638 2264 2932 
1280 2427 2105 
2631 493 2591 
1788 2419 2394 
2384 2334 285 
2377 2916 2767 
1485 814 1043 
1672 1785 169 
2164 2160 1339 
1972 2315 1365 
547 1734 66 
1752 1524 1505 
124 990 1413 
1454 1591 1622 
2357 2313 1842 
1968 885 903 
180 1402 1761 
1524 1752 1681 
1187 1343 205 
2284 2040 2034 
2228 2435 277 
1511 1512 1515 
2692 1837 1509 
1509 1510 1515 
1509 1517 1515 
1197 255 2338 
1000 2837 1440 
1509 1512 1511 
1517 773 781 
1516 1512 1525 
2435 2461 2228 
2820 1315 2602 
1421 1545 1876 
2096 930 2831 
2736 244 2801 
2206 2108 2205 
1505 1752 1681 
81 844 1517 
1929 2104 305 
1704 1446 530 
1579 1559 1269 
2589 1860 1259 
2235 2110 1998 
1040 2620 2808 
517 1046 1533 
2027 1157 2982 
850 2433 472 
1533 2027 2558 
1355 405 437 
1614 1616 2849 
1560 1578 1305 
1240 242 2758 
1545 488 2346 
2414 2588 2519 
1412 1832 1840 
2433 1534 2754 
224 1374 846 
1540 488 1988 
965 46 1567 
2646 2269 2453 
59 2346 2386 
2387 984 1034 
2889 503 596 
1890 1899 1884 
1890 1899 1898 
801 901 244 
355 327 2979 
2320 1900 86 
1042 1291 2480 
1638 1603 2354 
2464 1930 1829 
2986 2045 2957 
1578 1538 1305 
1914 1202 1102 
1604 1613 219 
1883 1218 2283 
306 1187 262 
1004 2431 2271 
2528 2945 2797 
1638 2354 1546 
1493 2005 1199 
924 1676 547 
1078 1758 2171 
2981 951 1756 
673 886 534 
1854 2295 2277 
2885 2541 974 
644 1597 323 
92 1903 379 
2495 1311 1005 
1560 1538 1588 
1528 2635 1108 
1692 1165 1721 
2594 1771 1748 
247 1592 1467 
2789 2864 2207 
2206 2205 2108 
2317 2265 32 
252 2044 1185 
2294 2351 2423 
1560 1578 1538 
1792 2819 1920 
2016 963 2340 
1160 1622 1454 
1582 1016 853 
1745 1735 1736 
2264 2008 2197 
1341 430 1382 
241 2612 662 
963 2456 2899 
743 755 2664 
2988 1075 800 
1397 1771 1859 
2335 2378 2263 
1586 399 2225 
1638 1557 2870 
1613 1562 180 
2832 1675 1260 
1629 2736 1645 
2005 2190 2215 
2725 2902 2157 
2378 2515 2514 
1128 1254 2346 
1274 360 1020 
1948 366 1187 
1604 1562 1194 
1537 1616 1855 
73 664 620 
1537 1614 1855 
985 867 1817 
1413 822 990 
2463 298 2458 
2419 2272 2394 
2017 2798 2001 
1160 1591 1454 
2588 2519 2563 
2372 177 1259 
1642 2650 2568 
1819 1668 1724 
1431 2769 2067 
935 1611 2220 
1606 2433 2736 
1812 1824 1783 
1069 751 579 
1635 2705 2174 
1883 2445 1394 
515 764 1457 
1808 1632 2227 
2828 1000 2837 
1069 1470 2580 
1603 1557 2934 
1386 2848 2193 
1645 2099 2264 
2709 2367 626 
1625 2650 340 
1964 596 2410 
2105 1501 2427 
1640 2099 2264 
685 407 2037 
1785 479 471 
1962 2345 1387 
1775 1317 2195 
2842 511 1575 
1917 2582 1277 
1020 1274 1229 
2182 737 721 
1838 885 1503 
116 2996 103 
1360 653 2191 
63 938 62 
737 2182 2556 
1709 1737 1695 
493 2793 122 
936 2921 2288 
1831 1762 1000 
1666 2989 1665 
2813 2984 1665 
2410 1663 2990 
2989 1663 2805 
417 477 2043 
2011 1819 1724 
2692 2860 1292 
1677 366 2191 
2646 733 2003 
169 1495 1979 
2890 467 2032 
1311 541 1740 
1260 892 1420 
906 2863 102 
1670 366 2088 
1530 2235 2110 
2270 2271 2431 
2167 2799 2801 
1340 680 1752 
1231 1797 2979 
2599 2643 2392 
1787 1265 1266 
2636 1878 285 
179 864 2479 
2338 1197 255 
519 2573 2861 
1633 2445 1883 
2463 2458 1002 
1995 969 2779 
1721 1712 1211 
1230 132 2380 
1000 2828 1753 
1709 1659 1733 
1927 2897 2893 
2784 543 273 
2547 2120 1366 
58 718 2502 
64 2036 2703 
2577 2440 2550 
267 488 1213 
340 2930 2840 
1527 1446 2009 
2660 1979 1721 
2572 2867 946 
2660 1541 2070 
2576 865 1324 
1737 1659 1695 
1255 2590 2056 
1730 1719 1420 
1721 1692 1211 
202 804 2583 
1728 1368 117 
856 474 2564 
2661 1730 1735 
1730 1716 1736 
1730 1716 1623 
1730 1735 1736 
1405 2168 916 
1211 1692 1712 
1744 1621 1724 
1736 2563 2562 
1668 1752 1722 
1778 1798 1300 
1733 1737 1709 
2011 1668 1446 
1714 117 2067 
2500 272 1205 
1716 2927 2920 
154 2858 2043 
2616 929 2885 
1726 1737 1709 
519 2573 45 
1745 2588 1736 
1745 1735 2474 
1709 1733 1726 
1869 2383 1894 
2960 1770 2733 
1311 541 1771 
2999 118 2523 
638 2934 645 
1979 413 2571 
985 867 1617 
1735 1736 1593 
911 989 933 
1682 1797 1364 
2594 1771 1358 
1915 350 1943 
1972 1973 2544 
1762 1676 295 
1499 1524 1505 
596 503 1906 
1823 273 543 
1827 1815 2523 
2981 91 951 
1618 1413 1241 
924 922 1570 
323 2723 359 
297 800 1095 
1402 1450 1810 
980 1143 1301 
1790 1962 2882 
1204 2196 2868 
2940 1740 2955 
2213 2078 2409 
2981 450 1756 
770 546 1358 
1795 37 2529 
854 1344 2733 
1383 2594 1859 
1675 1260 892 
1233 1861 1775 
1350 2301 2305 
1649 1317 1773 
2129 972 2201 
2832 990 1260 
1725 1798 1805 
2838 2742 340 
1402 1761 1450 
2012 2002 2035 
631 2269 156 
1812 1858 1824 
2778 849 2461 
1337 1902 1647 
1617 1817 867 
2037 2080 2086 
1491 975 1933 
1801 1800 1939 
1763 1962 2882 
1942 1959 2502 
1589 2560 1924 
1580 1212 1730 
2671 759 2237 
1769 37 27 
2270 2582 2554 
1682 1231 2979 
1805 1725 1778 
2866 798 2405 
1789 2489 608 
1789 770 1800 
2239 1324 2279 
888 1408 904 
695 430 2 
1798 1300 1725 
763 1761 1402 
1877 1465 2533 
1635 566 2799 
2773 2423 2351 
1402 1450 1761 
1993 2009 2635 
1824 1630 1783 
135 151 2325 
2574 2792 2305 
1827 805 1755 
2428 2169 2141 
1617 985 867 
408 1817 2413 
1744 1668 1704 
338 1516 781 
2258 333 2149 
283 2544 2413 
1754 2351 2783 
1812 1630 1783 
763 1811 1806 
1815 2010 2850 
1755 1815 1840 
546 2489 1789 
1558 2464 1944 
2072 18 1787 
1429 923 724 
1412 1840 1847 
115 1214 136 
2882 2215 156 
1409 2862 2165 
1346 2781 1891 
2692 1510 1933 
209 116 103 
2673 1930 1187 
1832 1412 1847 
751 2 1358 
2313 2357 2419 
2790 217 2707 
1852 1851 1857 
1857 1922 1852 
1761 1402 1849 
1412 1832 1864 
878 290 2076 
1402 1761 1450 
242 2879 2878 
1844 669 2026 
1857 1922 1844 
95 133 764 
37 1795 98 
2849 1614 1616 
685 784 1159 
1852 1922 1845 
1812 1783 1824 
1771 1383 2594 
1529 1715 1677 
1773 1233 1775 
2795 2662 1535 
947 1606 468 
1870 1847 1832 
1921 2811 2804 
2742 227 2757 
818 204 1970 
1451 2487 342 
1894 1872 1893 
1864 1832 527 
2076 1892 1062 
1894 1869 1893 
1913 1925 1920 
1891 2781 1346 
2838 1779 1892 
1171 1421 1520 
1807 1465 2811 
2496 73 1685 
419 860 2978 
113 403 1768 
2941 63 2153 
2301 2574 2500 
1633 2283 1218 
1899 1890 1551 
2482 92 372 
1899 1888 1551 
1058 2040 1128 
1899 1898 1886 
1864 1832 1870 
1899 1551 1898 
1874 2781 1346 
1871 1875 65 
1894 1869 1872 
1869 1872 1893 
2654 1935 2445 
2874 1043 731 
1268 2335 1257 
1890 1899 1888 
1886 1890 1884 
1251 1303 556 
267 1902 1563 
267 1901 1337 
92 192 860 
107 59 1655 
1913 1873 1925 
596 503 1753 
1214 850 1135 
2387 2540 1549 
226 2560 1343 
1187 2783 2031 
1915 350 1943 
612 479 346 
1925 1873 1920 
1561 44 340 
1943 1952 350 
1920 1924 1925 
1651 1643 674 
1941 2547 699 
2307 1169 1280 
1913 1925 1924 
1865 589 1561 
1857 1852 1845 
1430 2656 2622 
1920 1913 1925 
1913 1920 1873 
835 2621 1355 
834 640 939 
1845 1857 2057 
1526 2554 2555 
1558 2464 1932 
2631 1450 2146 
1930 1558 1944 
1934 2419 2394 
1933 2394 2419 
1895 2654 2327 
2145 921 2116 
2025 841 1711 
1859 787 992 
1974 1789 2336 
1201 681 2481 
2789 1972 1514 
1959 1955 1791 
1952 1915 2971 
2464 1930 1829 
534 154 2858 
979 2963 2076 
476 821 1318 
317 1829 1907 
1930 1558 2464 
411 1928 857 
2145 2116 2058 
1943 1915 2971 
1913 2560 1924 
1915 1943 1911 
2014 305 1077 
2700 470 939 
1971 2022 2029 
961 2373 2887 
1942 1791 2265 
1944 854 1344 
305 1955 2014 
1648 1763 1790 
990 973 696 
2995 2410 596 
2439 2248 1437 
1246 2116 2145 
2771 1390 2975 
1503 2212 885 
916 1972 2168 
2815 2253 818 
1957 2064 2077 
132 2571 2269 
1972 2676 2998 
525 1939 2 
2845 2420 2297 
2333 2332 2220 
2542 2078 2103 
665 2693 2504 
2877 1743 2660 
1993 2019 1999 
1986 2986 2336 
2116 2145 1966 
215 1672 169 
2145 2478 2116 
2636 2509 2505 
1981 1966 2145 
2920 2927 1730 
1169 1545 2307 
2061 2022 2635 
1181 2203 2740 
416 2826 366 
2045 1999 950 
2022 1999 2009 
2905 774 2879 
619 73 2517 
1763 1790 103 
2300 2712 422 
1530 2235 2110 
2019 2022 2012 
2409 2213 2078 
2017 2143 2090 
2012 2965 2896 
2239 1802 2613 
2280 2657 778 
1607 2190 2215 
2645 2112 2286 
1556 1042 2054 
2858 982 2043 
2012 2029 2002 
1999 2019 2022 
1668 1446 2544 
2002 2965 2035 
681 366 2266 
1077 1955 81 
2398 1357 1643 
2377 1590 1984 
2001 1621 2291 
307 337 2587 
1999 757 2029 
1045 875 2258 
648 1273 1363 
2059 1989 2061 
1260 1467 892 
2030 2022 1989 
1937 2653 2158 
2119 757 2059 
1157 1533 2982 
439 2154 2102 
2019 2273 2292 
2024 2022 2037 
2905 1910 2783 
1437 2543 2248 
2326 2795 1514 
2284 2040 1507 
2002 2012 2965 
2241 2381 2391 
1787 2080 2418 
2002 2035 2012 
2040 2284 1514 
2284 2573 519 
2815 1970 493 
2062 2260 2256 
2858 154 1731 
1185 1586 2967 
2029 2022 2019 
331 638 2173 
1217 1915 547 
2022 2061 2035 
2564 2948 1563 
405 1493 2377 
2284 2040 2719 
2811 681 2804 
2065 2175 563 
1431 1627 2769 
2048 2045 2059 
2664 117 1728 
1857 1852 1922 
2145 2116 1951 
2278 2022 2671 
392 2170 576 
1989 2986 2022 
2256 2042 2121 
2080 2065 2073 
1971 2077 691 
2080 2073 2175 
285 967 236 
2769 117 1728 
2080 2085 2089 
2078 911 989 
700 2882 2215 
2130 2318 2385 
1830 18 1022 
2080 2065 2074 
2080 2073 2090 
675 821 1947 
2963 1871 380 
691 2086 1971 
2213 2409 2542 
2311 1207 2600 
2085 2089 2086 
2194 2979 725 
2089 2085 2087 
2090 2022 248 
2119 2085 2089 
2087 2089 2082 
2080 2089 2085 
2085 2089 2082 
2191 2435 2461 
2082 2085 2087 
2083 2331 2385 
2529 1769 1795 
2381 2241 2199 
2406 1187 1031 
556 326 900 
1002 1631 2997 
1521 1157 2558 
2599 2643 829 
2149 333 2295 
1645 1640 2264 
934 1442 2982 
2107 253 1047 
2154 2381 2391 
1977 2602 2078 
2112 2645 1059 
2106 2624 2427 
2105 2624 2743 
2101 253 1047 
2205 2206 1523 
2177 2112 2006 
2235 1530 1998 
481 1228 162 
2104 2645 2006 
2761 1346 2781 
2119 2296 2452 
2678 952 2114 
2145 2058 1951 
2792 2974 2305 
1979 2877 2992 
2114 2085 2385 
2547 2931 879 
2378 2457 2211 
2190 2215 156 
2226 26 1517 
91 2981 1756 
2218 2416 2150 
2364 2385 2452 
2413 2331 2986 
2027 1442 1533 
2201 972 1776 
2071 2385 2318 
447 1361 45 
1423 2125 2150 
773 1903 767 
2724 2986 2009 
1514 1482 1000 
1193 1369 1186 
1427 1187 2859 
2209 2193 2236 
2195 2468 357 
2874 2802 336 
1850 1047 1816 
2159 2339 2321 
2090 2331 2077 
1121 321 333 
2116 2058 1951 
2152 2631 566 
2481 2629 2504 
1337 1785 2829 
2098 333 2258 
2125 2416 2218 
2749 1320 1337 
2146 2631 344 
2273 2292 2278 
2342 2391 2381 
1409 245 197 
2708 2704 2890 
2725 2698 2901 
2653 323 2684 
2142 2526 545 
2164 1496 2178 
2456 1017 963 
2591 2707 2129 
2820 297 1315 
2160 1496 2178 
2276 1835 1409 
2778 2914 2472 
624 2799 2801 
916 102 1831 
2428 2742 2883 
459 2512 1271 
2192 638 2173 
2206 2205 2108 
2728 2725 2885 
1632 566 2544 
2119 2089 2085 
566 344 673 
2109 2006 2286 
2160 2164 1557 
2475 2458 2463 
2187 2837 1482 
236 2346 987 
2556 737 721 
519 2410 1455 
2469 1915 1745 
1308 0 2857 
1393 1262 2039 
2180 1482 2837 
2418 2364 2304 
2421 2248 2543 
2122 2215 2005 
2088 2435 2461 
2171 638 2612 
2209 2138 2296 
2081 1627 1431 
2139 2468 357 
1204 1764 983 
2264 2360 2099 
2303 1342 701 
2381 2241 2314 
2948 695 376 
2465 1020 2868 
798 1799 2405 
1990 2424 2922 
2820 566 673 
2108 2206 1523 
2205 2108 2172 
2731 724 1429 
16 2465 1211 
2138 2193 2236 
2524 145 2610 
2257 2121 2062 
1968 470 2293 
2078 2409 2542 
2387 1549 984 
2122 2190 156 
1309 1321 1510 
138 144 109 
2125 2416 2224 
2251 2781 39 
2332 2333 1976 
242 2837 807 
1158 106 2658 
2392 2132 2028 
2416 2125 2218 
235 976 911 
2123 26 1517 
2321 2316 2339 
2435 2461 1518 
2550 2436 763 
2821 2822 2029 
2062 2349 2378 
2550 1143 2798 
1982 12 612 
2228 2436 26 
2110 1530 1998 
2002 2896 2209 
2278 2671 2273 
2446 2308 2242 
1802 2003 2613 
2620 2592 721 
2381 2391 2199 
2782 2518 2534 
2364 2318 2452 
2137 1960 1187 
2261 2323 2296 
2887 1196 2373 
2296 2009 2551 
2678 2543 2858 
2378 2349 2062 
132 2663 2768 
2219 39 1483 
460 623 2253 
1970 2419 2394 
2560 1913 1920 
2560 1920 2254 
2062 2121 2457 
2211 2121 2256 
333 2149 1821 
2453 2454 2646 
2062 2042 2121 
2364 2452 2418 
2519 2588 2563 
1711 1883 1633 
2197 2099 2360 
2317 1959 1165 
681 203 164 
108 2419 2394 
392 1689 1620 
1972 132 413 
1679 2851 2554 
2431 2366 1679 
2419 2394 1933 
2292 2278 2671 
1380 2687 1381 
1934 2222 2959 
2165 1835 1409 
2295 2098 320 
2237 2671 2273 
2147 1324 865 
778 809 2004 
2364 2418 2452 
2446 2534 2518 
2445 1883 1633 
2040 2573 331 
2452 2296 2364 
2645 2006 2112 
2728 2475 2451 
2484 1756 2921 
2309 2782 2518 
1250 2634 1402 
2452 2296 2569 
2273 2671 2278 
2432 2212 267 
2351 2423 839 
2277 2098 320 
2969 2452 2957 
2420 2845 1975 
2986 2296 2806 
2678 2543 1139 
1997 2712 2704 
2500 2574 2305 
803 2263 841 
2198 1342 478 
2385 2418 2281 
2574 2792 2301 
1156 2752 2997 
1919 2996 116 
2352 2399 2362 
2289 2403 2782 
272 342 1300 
2079 1207 2600 
2578 1466 1904 
2357 1842 1502 
2199 2381 2241 
2998 1972 2521 
2321 2339 349 
2265 1959 2431 
2281 2304 2385 
2349 2260 2378 
1555 86 1900 
2339 2316 2227 
1988 2307 203 
2245 1108 2261 
2883 2901 2475 
151 2890 2860 
2033 2795 1514 
1935 2654 2627 
35 1279 2330 
1606 1387 310 
394 2328 831 
2090 2947 2986 
2220 2333 1976 
2332 2220 1976 
2384 2930 2934 
1268 1897 1257 
2331 2986 2127 
2420 2297 2845 
255 1197 240 
2344 2321 2316 
1271 1258 963 
858 856 2564 
2381 2241 2391 
2782 2518 2395 
2339 2321 241 
1387 2895 2442 
2386 1655 116 
2679 2644 716 
2700 2173 2901 
2457 2121 2378 
2094 1279 2023 
2773 2766 2423 
2308 2399 2242 
2171 2763 112 
1638 1603 1557 
2666 2827 2794 
1732 929 183 
2313 1842 1502 
2340 647 963 
1835 1409 1888 
2964 2904 2197 
2542 2409 1977 
2782 2399 2518 
2081 1155 1115 
2452 2418 2385 
2405 2800 798 
2271 2431 1356 
2709 1641 1975 
2725 2744 2157 
292 583 1689 
2371 2451 2475 
2370 2451 2475 
798 2405 1799 
961 1196 1958 
2523 2522 821 
169 882 1785 
1840 1847 1864 
2916 1493 2767 
2121 2457 2349 
2033 2564 2795 
1693 1484 310 
2241 2342 2199 
990 696 966 
220 273 543 
2334 2930 2934 
2304 2364 2418 
2346 1655 1904 
1549 984 1034 
2402 290 878 
1745 1593 1735 
2430 2296 382 
2241 2381 2342 
2399 2395 2782 
2916 2925 2818 
2419 108 1933 
2518 2782 2534 
777 71 72 
710 1859 1682 
932 1102 2015 
2352 2308 2362 
2593 2950 2157 
898 1681 259 
2388 1072 73 
2395 2782 2518 
2902 2506 2961 
2365 2800 798 
2093 1031 191 
408 2793 2298 
2417 2518 2782 
2213 2542 2078 
2903 1665 2985 
2784 1504 922 
2661 2588 1735 
2677 2127 2077 
2588 2519 2563 
2477 1187 23 
2218 2125 2224 
2408 2518 2399 
2364 2304 2385 
2394 2272 108 
2297 2845 1975 
2189 2448 136 
2534 2518 2242 
2773 2351 1809 
2908 2203 2158 
83 430 2 
2624 2400 1036 
1280 162 2105 
2169 2665 2270 
623 1416 1622 
2390 2296 382 
2271 2366 1679 
2293 893 519 
1534 958 492 
2296 2247 2009 
2228 1518 2461 
763 1920 2229 
2327 155 2129 
2986 2296 2635 
1965 1663 1666 
2577 1701 2550 
2416 2224 2218 
2895 2817 2572 
2198 2303 1187 
1978 2693 2504 
1633 2283 1394 
2534 2242 2518 
2291 2017 2090 
2248 1139 2543 
454 861 712 
93 2567 2469 
2458 2463 2475 
2364 2460 2281 
2454 2259 2646 
2453 2259 2646 
155 2714 28 
2161 963 1597 
2349 2121 2378 
2463 2475 2451 
2621 1369 1193 
2452 2364 785 
2778 2472 2914 
1002 1156 647 
2458 2475 2451 
2918 2924 870 
2201 1504 1229 
2782 2518 2534 
925 2455 155 
2139 2195 1963 
2591 2707 2184 
1711 2396 777 
2610 216 2828 
2778 2461 2914 
2488 1402 2076 
2519 2563 2562 
2458 2463 2451 
2493 2490 2206 
2415 1530 2235 
2819 1792 1984 
2002 2965 2012 
1042 1556 1291 
2606 2597 2147 
230 1885 338 
2424 1972 2020 
2288 1756 1175 
2678 1139 2543 
305 1285 61 
1350 1773 1804 
2473 230 1458 
608 1800 546 
2493 2476 526 
2629 164 2147 
2394 2601 2419 
2490 2476 526 
2828 1000 2471 
2537 2545 647 
1878 2621 942 
2296 2969 2947 
2974 2301 2823 
2191 2088 742 
2512 2301 2574 
1638 1906 1557 
718 1942 2611 
2837 1000 1514 
1978 2693 665 
2509 2636 842 
2404 2961 2902 
1229 360 1274 
95 542 133 
2505 2636 842 
114 1271 554 
2864 1749 2904 
2500 2301 1205 
2561 2520 2519 
2515 2796 1609 
2514 2796 1609 
2616 1732 2173 
619 1049 2846 
2534 2782 2395 
2563 2562 2588 
2561 2519 2563 
2474 2519 2588 
2374 1131 803 
1755 2374 0 
2210 145 2610 
1530 2235 2110 
2159 545 2339 
164 1223 865 
2797 2945 1566 
2091 1769 1795 
2414 2588 2519 
2627 2654 34 
589 596 503 
2541 1086 1807 
2518 2782 2395 
2361 2301 2574 
2296 2247 2969 
2545 2495 647 
126 437 2621 
800 2670 2609 
1883 1908 1633 
1086 974 2533 
2409 2213 2078 
1139 2678 1015 
2413 2011 1668 
2537 2495 1771 
2632 763 1621 
2120 1327 1230 
2931 879 455 
2521 2661 2588 
2577 2229 1701 
2002 2896 2806 
2419 2394 1212 
2851 2554 2555 
2555 1162 446 
2554 1162 1873 
2182 737 1658 
1315 1099 1920 
1157 2027 2982 
2262 2414 2661 
1913 1920 1925 
2520 2519 2563 
2563 2519 2588 
2562 2519 2588 
2341 2049 856 
1655 116 2996 
1139 2678 728 
2413 1849 2919 
2601 2612 2603 
2909 2318 2291 
1356 2601 2603 
2665 2799 2801 
2867 1706 2442 
519 536 2851 
2305 2301 1814 
2694 673 2054 
2597 2481 1708 
1701 2440 2550 
2588 2561 2520 
893 2228 2435 
1470 696 966 
814 459 1043 
1651 596 1994 
0 2857 1308 
1424 1153 1491 
1469 639 2031 
1033 2698 2593 
40 488 1545 
2519 2563 2562 
2972 2746 2480 
1255 2847 1710 
2707 2736 413 
2240 2620 2808 
2400 2598 2586 
1771 1859 1581 
2461 2778 2472 
1036 2631 2904 
2576 2481 2147 
271 1487 2593 
2643 2730 2764 
1207 2762 2311 
2603 2612 2492 
2542 2213 2409 
2612 2601 638 
289 2757 309 
2649 2890 2697 
2481 902 2608 
2157 2400 2740 
2642 2481 1085 
865 1324 1708 
2524 2210 145 
718 2502 622 
2603 2601 638 
2239 1802 2279 
2681 560 2338 
657 1808 2799 
1732 2516 929 
1187 803 2302 
2671 2029 2278 
1718 1730 366 
2240 2592 2808 
2459 437 1355 
2656 60 1923 
2831 2662 1521 
2105 2106 1339 
2262 1716 2414 
1296 2995 893 
2531 2654 34 
1281 1260 1264 
164 2147 2481 
2447 2291 2017 
2770 2596 2763 
2546 763 1621 
638 2675 2168 
2290 2236 179 
2029 2061 1989 
2509 2505 1985 
2495 405 2639 
2794 2836 2827 
1978 2670 2693 
2973 2898 302 
214 1368 1714 
2608 740 1106 
2599 2730 2764 
2679 716 2954 
2112 2006 2286 
1671 2259 2453 
2738 2750 2689 
2142 2371 2370 
2605 2555 2554 
1642 1625 1580 
830 759 1844 
2710 832 2333 
2158 2684 1207 
2627 2445 1895 
864 690 650 
2622 60 1923 
2004 1149 2788 
2823 219 1792 
2832 2778 2461 
1705 1979 445 
2521 2588 1735 
2623 2831 1521 
2768 132 315 
2056 1598 117 
2571 2799 2801 
2827 2355 2794 
1681 1340 2447 
2868 2760 1312 
1432 1406 1395 
2875 2952 2911 
2237 2278 2292 
2832 1260 990 
2809 2986 734 
2683 2701 508 
2371 2370 2475 
2799 2801 413 
2413 2077 2127 
2485 1139 2543 
1994 2879 2878 
2588 2519 2414 
2614 560 978 
309 2902 2596 
2674 2701 508 
2653 2158 2905 
1883 1633 2283 
929 2687 2885 
1380 1381 2686 
2885 2687 929 
2750 2747 2721 
44 349 2321 
1482 1694 722 
1837 1510 88 
1978 2504 665 
2575 673 1308 
2851 2853 2270 
1352 2959 359 
2890 2649 2605 
2157 670 2586 
1444 2627 2927 
2062 2349 2457 
2674 2683 508 
2958 35 2746 
2206 2172 2205 
2718 2714 2712 
2892 2758 300 
2844 2855 2043 
2591 2736 2732 
2970 1472 2982 
2367 1641 1975 
2652 832 2333 
890 2825 2520 
2300 1997 2704 
80 340 2219 
2718 155 28 
2453 2454 2259 
1323 582 500 
340 2934 2930 
2714 155 2704 
1482 2725 2631 
641 2081 632 
2689 2750 2747 
2862 2706 2855 
323 880 359 
2671 2278 2059 
2901 2173 2475 
2780 1066 2891 
2808 2373 961 
2475 2451 2458 
2840 1357 2934 
2764 2599 2643 
2207 724 2574 
2736 2873 2591 
2986 2029 2045 
928 1357 1126 
2873 2754 2433 
2873 2732 1629 
2882 1504 1274 
2647 2750 2689 
2306 2997 1156 
1990 1181 2203 
1062 76 77 
2757 2169 2796 
960 2106 1069 
2631 2770 2368 
2937 1633 1883 
2958 2702 35 
2750 2689 2721 
2463 2458 2475 
1320 464 2151 
2689 2747 2721 
700 2070 1547 
2306 1156 647 
1553 801 45 
2433 2735 1534 
470 1480 2212 
2767 1359 2916 
2742 289 2604 
2892 812 211 
2772 2775 952 
1312 2668 2868 
2113 2781 1346 
1207 2763 2648 
1207 2762 2631 
2730 2599 2643 
1306 2725 216 
2351 2773 2423 
2756 1359 2916 
2663 315 132 
2067 1627 1431 
2631 2505 229 
1967 2982 2558 
2775 2759 2678 
2351 2423 1809 
2776 2777 2793 
2772 798 1799 
2774 2777 2793 
2774 2776 2296 
2472 2461 2166 
718 2502 2428 
2726 2560 1250 
1346 1891 2761 
2518 2534 2395 
2578 1904 2495 
455 2411 1697 
366 1392 1187 
979 2963 1946 
2917 1176 990 
2004 2657 519 
1941 1583 1514 
1843 2707 2591 
1968 280 885 
2305 2117 2574 
2859 2776 2774 
2836 2827 2666 
2033 1862 1859 
2515 2514 2742 
2528 2945 1566 
1721 1621 2017 
2801 2853 2665 
2365 2405 2849 
2799 2853 2665 
2874 2140 336 
706 898 2464 
2811 2410 2903 
2903 2985 2410 
2896 2236 2002 
2810 406 409 
1196 2373 2887 
2673 2296 2986 
2807 409 406 
2804 2410 2903 
2296 2438 2029 
2984 2410 2903 
2670 2639 2751 
1970 818 2041 
1719 2627 1113 
2895 2442 2867 
512 1055 2916 
1792 496 2478 
2204 1315 2646 
2822 2230 2029 
2821 2230 2029 
219 2658 2498 
1137 700 2380 
2711 205 887 
1991 416 2822 
2836 2794 2666 
1000 1329 1694 
1678 2315 1066 
1130 2744 2137 
2623 1521 2662 
1260 892 1675 
906 2863 102 
900 2519 2563 
2861 2857 2862 
2794 2827 2666 
2503 1000 1514 
1779 2742 2796 
2900 2572 1706 
2729 286 2863 
32 2864 2511 
2920 2927 2915 
2926 2090 2919 
2706 2722 2855 
2420 2297 1975 
1688 814 2517 
2590 2999 2664 
2862 2858 2043 
2800 1855 1537 
2855 2862 1826 
2695 2573 2553 
2862 1449 2856 
2799 2801 2851 
437 1926 835 
2862 2706 2722 
2862 2855 2706 
2835 2862 0 
2043 154 2678 
2793 2776 2029 
2890 1057 1533 
2835 2862 2857 
2835 2861 2857 
906 102 39 
1583 2348 2610 
2942 2398 1007 
2912 1799 798 
2572 2895 2442 
2668 1764 2201 
430 83 770 
1603 1638 1561 
417 372 773 
940 170 2860 
2736 2732 2735 
2140 1381 2802 
2952 2911 2949 
1629 1678 233 
1979 700 2118 
2879 1994 354 
2878 1994 354 
2885 277 2837 
447 45 1361 
1763 2070 2215 
2324 2169 2428 
2862 2894 2858 
2173 2728 1403 
2172 851 2744 
1196 2246 2373 
2829 299 1762 
1550 1407 596 
2860 833 828 
839 2294 1762 
2758 211 242 
2897 101 1696 
154 2862 2858 
2817 2442 2867 
2002 2965 2012 
101 2893 1696 
2973 302 2173 
428 1597 590 
2839 2572 1706 
2725 2475 2458 
2404 2506 2682 
2985 2984 2410 
2964 2360 2173 
1403 1994 2173 
2943 2956 2813 
362 257 185 
2424 2700 2624 
2569 2291 2029 
633 2233 2540 
2952 2875 2949 
2866 798 1799 
1160 1622 1591 
2166 2472 2778 
2920 2927 1730 
2925 2393 2377 
2787 1176 694 
2924 870 2464 
2926 2296 2896 
2927 2915 1730 
2288 2484 553 
2929 2923 2930 
2922 2946 2929 
2918 870 2464 
2916 2377 2393 
2919 2296 2114 
2920 2915 1730 
2953 2918 2924 
2930 2934 2936 
2934 2929 2936 
2548 879 2120 
2929 2930 2934 
2418 2364 2385 
2930 2929 2936 
2978 2 6 
2929 2930 2934 
2745 2321 1883 
1237 2585 639 
1171 2381 893 
2955 342 1451 
1881 1404 285 
2851 2865 2270 
2956 2906 1664 
2946 2923 696 
2797 2528 1566 
2944 2923 990 
2969 2957 2331 
2200 2049 2425 
2952 2875 2911 
2400 567 2158 
2969 2957 2947 
2911 2875 2949 
2928 1134 1811 
328 378 787 
2940 1451 342 
2943 2906 1664 
2969 2947 2296 
2746 2702 35 
1352 1734 359 
1739 2040 2284 
2506 2404 2902 
2475 2901 2728 
2076 979 1946 
2904 2360 2197 
2002 2012 2896 
2050 963 2340 
1185 2044 1977 
1768 603 2043 
2957 2296 2947 
930 1521 955 
1943 1952 1915 
1977 2103 2974 
2640 2898 302 
2117 1977 2792 
1157 2027 2982 
2405 2365 798 
2029 2090 2009 
2935 770 2 
1797 2980 1682 
2983 2979 1682 
951 91 1756 
2027 930 1533 
2980 2979 1789 
2903 2813 2410 
2903 2805 2410 
2061 2969 950 
2452 2296 757 
800 1599 2270 
1666 1663 2805 
1665 2410 1663 
2431 2271 2429 
1387 384 253 
2986 2296 2247 
1900 2461 2778 
1964 2942 589 
116 103 1655 
1002 54 2738 
1925 1093 1558 
886 1741 2847 
